No	TMNo	EnNo	Name	INOUT	Mode	DateTime
1	1	1		0	0	2017/11/22 14:17:21
2	1	1		0	0	2017/11/22 14:17:21
3	1	8080		0	0	2017/12/29 11:54:33
4	1	8080		0	0	2017/12/29 11:54:35
5	1	8080		0	0	2017/12/29 11:54:41
6	1	8080		0	0	2017/12/29 11:54:41
7	1	9090		0	0	2017/12/29 11:55:43
8	1	9090		0	0	2017/12/29 11:55:43
9	1	8080		0	0	2017/12/29 11:55:52
10	1	8080		0	0	2017/12/29 11:55:52
11	1	8080		0	0	2017/12/29 11:56:46
12	1	8080		0	0	2017/12/29 11:56:46
13	1	8080		0	0	2017/12/29 11:56:48
14	1	1234		0	0	2017/12/29 11:58:26
15	1	8080		0	0	2017/12/29 11:58:31
16	1	8080		0	0	2017/12/29 11:58:31
17	1	8080		0	0	2017/12/29 13:22:02
18	1	8080		0	0	2017/12/29 13:22:02
19	1	8080		0	0	2017/12/29 13:23:28
20	1	8080		0	0	2017/12/29 13:31:26
21	1	4321		0	0	2017/12/29 13:32:40
22	1	8080		0	0	2017/12/29 17:02:54
23	1	8080		0	0	2017/12/29 17:02:54
24	1	8080		0	0	2017/12/29 17:02:59
25	1	1		0	0	2017/12/29 17:24:22
26	1	2		0	0	2017/12/29 17:25:39
27	1	2		0	0	2017/12/29 17:25:39
28	1	9		0	0	2017/12/29 17:26:29
29	1	9		0	0	2017/12/29 17:26:30
30	1	9		0	0	2017/12/29 17:26:32
31	1	13		0	0	2017/12/29 17:27:03
32	1	13		0	0	2017/12/29 17:27:03
33	1	15		0	0	2017/12/29 17:28:00
34	1	14		0	0	2017/12/29 17:28:52
35	1	8		0	0	2017/12/29 17:29:38
36	1	8		0	0	2017/12/29 17:29:38
37	1	3		0	0	2017/12/29 17:30:24
38	1	3		0	0	2017/12/29 17:30:24
39	1	12		0	0	2017/12/29 17:31:51
40	1	7		0	0	2017/12/29 17:32:44
41	1	16		0	0	2017/12/29 17:34:19
42	1	16		0	0	2017/12/29 17:34:19
43	1	22		0	0	2017/12/29 17:35:28
44	1	16		0	0	2017/12/29 17:36:24
45	1	9		0	0	2017/12/29 17:36:35
46	1	9		0	0	2017/12/29 17:36:39
47	1	9		0	0	2017/12/29 17:36:45
48	1	9		0	0	2017/12/29 17:36:46
49	1	9		0	0	2017/12/29 17:36:46
50	1	9		0	0	2017/12/29 17:37:00
51	1	1		0	0	2017/12/29 17:37:02
52	1	9		0	0	2017/12/29 17:37:16
53	1	9		0	0	2017/12/29 17:37:19
54	1	9		0	0	2017/12/29 17:37:19
55	1	9		0	0	2017/12/29 17:37:21
56	1	9		0	0	2017/12/29 17:37:21
57	1	9		0	0	2017/12/29 17:37:23
58	1	9		0	0	2017/12/29 17:37:44
59	1	12		0	5	2017/12/29 17:37:53
60	1	12		0	6	2017/12/29 17:38:05
61	1	9		0	6	2017/12/29 17:38:31
62	1	9		0	6	2017/12/29 17:38:31
63	1	9		0	6	2017/12/29 17:38:32
64	1	9		0	6	2017/12/29 17:38:32
65	1	9		0	6	2017/12/29 17:38:34
66	1	9		0	6	2017/12/29 17:38:34
67	1	9		0	6	2017/12/29 17:38:36
68	1	9		0	6	2017/12/29 17:38:36
69	1	9		0	6	2017/12/29 17:38:38
70	1	9		0	6	2017/12/29 17:38:46
71	1	9		0	6	2017/12/29 17:38:46
72	1	9		0	6	2017/12/29 17:38:49
73	1	9		0	6	2017/12/29 17:38:49
74	1	17		0	6	2017/12/29 17:39:19
75	1	21		0	6	2017/12/29 17:39:57
76	1	13		0	6	2017/12/29 17:42:38
77	1	5		0	6	2017/12/29 17:42:41
78	1	5		0	6	2017/12/29 17:42:41
79	1	9		0	6	2017/12/29 17:42:43
80	1	1		0	6	2017/12/29 17:42:47
81	1	13		0	6	2017/12/29 17:45:05
82	1	8		0	6	2017/12/29 18:00:13
83	1	21		0	6	2017/12/29 18:00:29
84	1	16		0	6	2017/12/29 18:00:36
85	1	17		0	6	2017/12/29 18:00:42
86	1	12		0	6	2017/12/29 18:03:43
87	1	2		0	6	2017/12/29 18:04:09
88	1	2		0	6	2017/12/29 18:04:09
89	1	5		0	6	2017/12/29 18:05:13
90	1	5		0	6	2017/12/29 18:05:13
91	1	13		0	6	2017/12/29 18:09:47
92	1	13		0	6	2017/12/29 18:09:47
93	1	3		0	6	2017/12/29 18:09:52
94	1	1		0	6	2017/12/29 18:10:01
95	1	7		0	6	2017/12/29 18:13:27
96	1	7		0	6	2017/12/29 18:13:27
97	1	9		0	6	2017/12/29 18:26:16
98	1	9		0	6	2017/12/29 18:26:16
99	1	9		0	6	2017/12/29 18:26:19
100	1	2		0	6	2017/12/29 18:41:06
101	1	2		0	6	2017/12/29 18:41:06
102	1	2		0	6	2017/12/29 18:41:08
103	1	2		0	6	2017/12/29 18:41:12
104	1	2		0	6	2017/12/29 18:41:13
105	1	2		0	6	2017/12/29 18:41:15
106	1	2		0	6	2017/12/29 18:41:16
107	1	2		0	6	2017/12/29 18:41:18
108	1	2		0	6	2017/12/29 18:41:20
109	1	2		0	6	2017/12/29 18:41:21
110	1	2		0	6	2017/12/29 18:41:23
111	1	2		0	6	2017/12/29 18:41:25
112	1	2		0	6	2017/12/29 18:41:26
113	1	2		0	6	2017/12/29 18:41:28
114	1	2		0	6	2017/12/29 18:41:29
115	1	2		0	6	2017/12/29 18:41:31
116	1	2		0	6	2017/12/29 18:42:59
117	1	2		0	6	2017/12/29 18:42:59
118	1	14		0	6	2017/12/29 20:11:14
119	1	9		0	5	2018/01/02 08:46:08
120	1	9		0	5	2018/01/02 08:46:08
121	1	1		0	5	2018/01/02 08:50:46
122	1	1		0	5	2018/01/02 08:50:46
123	1	4		0	5	2018/01/02 08:52:25
124	1	10		0	5	2018/01/02 08:53:03
125	1	10		0	5	2018/01/02 08:53:03
126	1	14		0	5	2018/01/02 08:53:07
127	1	5		0	5	2018/01/02 08:53:07
128	1	5		0	5	2018/01/02 08:53:14
129	1	5		0	5	2018/01/02 08:53:14
130	1	13		0	5	2018/01/02 08:53:19
131	1	13		0	5	2018/01/02 08:53:19
132	1	14		0	5	2018/01/02 08:53:29
133	1	21		0	5	2018/01/02 08:58:46
134	1	17		0	5	2018/01/02 08:59:55
135	1	8		0	5	2018/01/02 09:02:40
136	1	8		0	5	2018/01/02 09:02:40
137	1	8		0	5	2018/01/02 09:02:44
138	1	11		0	5	2018/01/02 09:07:20
139	1	6		0	5	2018/01/02 09:07:55
140	1	7		0	5	2018/01/02 09:08:02
141	1	7		0	5	2018/01/02 09:08:02
142	1	7		0	5	2018/01/02 09:08:07
143	1	7		0	5	2018/01/02 09:08:14
144	1	7		0	5	2018/01/02 09:10:31
145	1	2		0	5	2018/01/02 09:16:16
146	1	2		0	5	2018/01/02 09:16:16
147	1	12		0	5	2018/01/02 09:20:19
148	1	16		0	5	2018/01/02 09:20:22
149	1	3		0	5	2018/01/02 09:41:30
150	1	2		0	5	2018/01/02 11:23:00
151	1	15		0	5	2018/01/02 11:57:00
152	1	5		0	5	2018/01/02 11:59:47
153	1	5		0	6	2018/01/02 11:59:58
154	1	1		0	6	2018/01/02 12:00:05
155	1	12		0	6	2018/01/02 12:00:08
156	1	13		0	6	2018/01/02 12:00:12
157	1	13		0	6	2018/01/02 12:00:12
158	1	21		0	6	2018/01/02 12:00:25
159	1	16		0	6	2018/01/02 12:00:29
160	1	17		0	6	2018/01/02 12:00:35
161	1	2		0	6	2018/01/02 12:00:42
162	1	3		0	6	2018/01/02 12:00:55
163	1	15		0	6	2018/01/02 12:01:02
164	1	7		0	6	2018/01/02 12:01:07
165	1	7		0	6	2018/01/02 12:01:07
166	1	14		0	6	2018/01/02 12:01:13
167	1	9		0	6	2018/01/02 12:05:43
168	1	8		0	6	2018/01/02 12:06:49
169	1	11		0	6	2018/01/02 12:06:54
170	1	4		0	6	2018/01/02 12:10:05
171	1	10		0	6	2018/01/02 12:10:11
172	1	7		0	5	2018/01/02 12:33:03
173	1	7		0	5	2018/01/02 12:33:03
174	1	14		0	5	2018/01/02 12:33:13
175	1	3		0	5	2018/01/02 12:33:19
176	1	12		0	5	2018/01/02 12:33:27
177	1	15		0	5	2018/01/02 12:33:41
178	1	11		0	5	2018/01/02 12:34:50
179	1	1		0	5	2018/01/02 12:39:46
180	1	9		0	5	2018/01/02 12:42:15
181	1	4		0	5	2018/01/02 12:43:04
182	1	8		0	5	2018/01/02 12:43:18
183	1	17		0	5	2018/01/02 12:50:02
184	1	17		0	5	2018/01/02 12:50:02
185	1	21		0	5	2018/01/02 12:50:08
186	1	16		0	5	2018/01/02 12:50:11
187	1	5		0	5	2018/01/02 12:51:06
188	1	10		0	5	2018/01/02 12:51:14
189	1	2		0	5	2018/01/02 12:51:42
190	1	13		0	5	2018/01/02 12:51:48
191	1	26		0	5	2018/01/02 13:31:50
192	1	23		0	5	2018/01/02 13:32:42
193	1	23		0	5	2018/01/02 13:32:42
194	1	24		0	5	2018/01/02 13:33:21
195	1	9		0	6	2018/01/02 18:00:06
196	1	26		0	6	2018/01/02 18:00:50
197	1	14		0	6	2018/01/02 18:01:00
198	1	4		0	6	2018/01/02 18:01:06
199	1	12		0	6	2018/01/02 18:01:14
200	1	21		0	6	2018/01/02 18:01:19
201	1	17		0	6	2018/01/02 18:01:26
202	1	2		0	6	2018/01/02 18:01:35
203	1	16		0	6	2018/01/02 18:01:42
204	1	5		0	6	2018/01/02 18:05:22
205	1	1		0	6	2018/01/02 18:05:28
206	1	3		0	6	2018/01/02 18:05:33
207	1	15		0	6	2018/01/02 18:05:39
208	1	10		0	6	2018/01/02 18:06:08
209	1	13		0	6	2018/01/02 18:19:51
210	1	13		0	6	2018/01/02 18:19:51
211	1	7		0	6	2018/01/02 18:27:09
212	1	14		0	6	2018/01/02 18:28:41
213	1	11		0	6	2018/01/02 18:29:32
214	1	7		0	5	2018/01/03 08:30:54
215	1	7		0	5	2018/01/03 08:30:54
216	1	24		0	5	2018/01/03 08:31:00
217	1	6		0	5	2018/01/03 08:31:06
218	1	6		0	5	2018/01/03 08:31:00
219	1	6		0	5	2018/01/03 08:31:12
220	1	4		0	5	2018/01/03 08:39:45
221	1	1		0	5	2018/01/03 08:49:59
222	1	5		0	5	2018/01/03 08:50:46
223	1	5		0	5	2018/01/03 08:50:46
224	1	23		0	5	2018/01/03 08:51:48
225	1	11		0	5	2018/01/03 09:02:09
226	1	2		0	5	2018/01/03 09:02:50
227	1	2		0	5	2018/01/03 09:02:50
228	1	2		0	5	2018/01/03 09:02:52
229	1	2		0	5	2018/01/03 09:02:52
230	1	10		0	5	2018/01/03 09:05:31
231	1	10		0	5	2018/01/03 09:05:31
232	1	8		0	5	2018/01/03 09:06:33
233	1	8		0	5	2018/01/03 09:06:33
234	1	16		0	5	2018/01/03 09:10:29
235	1	22		0	5	2018/01/03 09:10:33
236	1	14		0	5	2018/01/03 09:13:25
237	1	21		0	5	2018/01/03 09:14:43
238	1	21		0	5	2018/01/03 09:14:43
239	1	18		0	5	2018/01/03 09:15:14
240	1	20		0	5	2018/01/03 09:15:52
241	1	17		0	5	2018/01/03 09:18:13
242	1	12		0	5	2018/01/03 09:18:18
243	1	9		0	5	2018/01/03 09:33:19
244	1	3		0	5	2018/01/03 10:04:01
245	1	13		0	5	2018/01/03 11:01:28
246	1	13		0	5	2018/01/03 11:01:28
247	1	5		0	5	2018/01/03 12:00:12
248	1	21		0	5	2018/01/03 12:00:18
249	1	21		0	5	2018/01/03 12:00:18
250	1	16		0	5	2018/01/03 12:00:23
251	1	7		0	6	2018/01/03 12:00:46
252	1	7		0	6	2018/01/03 12:00:46
253	1	20		0	6	2018/01/03 12:00:49
254	1	20		0	6	2018/01/03 12:00:49
255	1	12		0	6	2018/01/03 12:00:55
256	1	22		0	6	2018/01/03 12:01:01
257	1	18		0	6	2018/01/03 12:01:05
258	1	17		0	6	2018/01/03 12:01:10
259	1	1		0	6	2018/01/03 12:01:15
260	1	1		0	6	2018/01/03 12:01:15
261	1	13		0	6	2018/01/03 12:01:18
262	1	13		0	6	2018/01/03 12:01:18
263	1	9		0	6	2018/01/03 12:01:24
264	1	24		0	6	2018/01/03 12:01:33
265	1	23		0	6	2018/01/03 12:01:42
266	1	11		0	6	2018/01/03 12:01:50
267	1	4		0	6	2018/01/03 12:01:56
268	1	14		0	6	2018/01/03 12:02:47
269	1	16		0	5	2018/01/03 12:33:48
270	1	17		0	5	2018/01/03 12:33:55
271	1	7		0	5	2018/01/03 12:33:58
272	1	7		0	5	2018/01/03 12:33:58
273	1	22		0	5	2018/01/03 12:34:07
274	1	4		0	5	2018/01/03 12:34:25
275	1	9		0	5	2018/01/03 12:34:27
276	1	9		0	5	2018/01/03 12:34:27
277	1	12		0	5	2018/01/03 12:37:14
278	1	21		0	5	2018/01/03 12:37:23
279	1	20		0	5	2018/01/03 12:37:32
280	1	20		0	5	2018/01/03 12:37:32
281	1	18		0	5	2018/01/03 12:37:49
282	1	18		0	5	2018/01/03 12:37:49
283	1	14		0	5	2018/01/03 12:39:55
284	1	24		0	5	2018/01/03 12:45:06
285	1	23		0	5	2018/01/03 12:45:12
286	1	5		0	5	2018/01/03 12:46:12
287	1	13		0	5	2018/01/03 12:46:37
288	1	13		0	5	2018/01/03 12:46:37
289	1	1		0	5	2018/01/03 12:46:51
290	1	26		0	5	2018/01/03 12:49:03
291	1	11		0	5	2018/01/03 12:49:57
292	1	15		0	5	2018/01/03 17:20:01
293	1	15		0	5	2018/01/03 17:20:01
294	1	9		0	6	2018/01/03 18:00:19
295	1	9		0	6	2018/01/03 18:00:19
296	1	26		0	6	2018/01/03 18:01:02
297	1	26		0	6	2018/01/03 18:01:02
298	1	21		0	6	2018/01/03 18:01:49
299	1	16		0	6	2018/01/03 18:01:55
300	1	17		0	6	2018/01/03 18:02:00
301	1	20		0	6	2018/01/03 18:02:08
302	1	6		0	6	2018/01/03 18:02:14
303	1	13		0	6	2018/01/03 18:04:32
304	1	13		0	6	2018/01/03 18:04:32
305	1	18		0	6	2018/01/03 18:06:26
306	1	18		0	6	2018/01/03 18:06:26
307	1	22		0	6	2018/01/03 18:06:29
308	1	24		0	6	2018/01/03 18:06:49
309	1	23		0	6	2018/01/03 18:06:54
310	1	25		0	6	2018/01/03 18:08:04
311	1	25		0	6	2018/01/03 18:08:04
312	1	4		0	6	2018/01/03 18:08:48
313	1	12		0	6	2018/01/03 18:17:15
314	1	1		0	6	2018/01/03 18:17:36
315	1	7		0	6	2018/01/03 18:25:57
316	1	7		0	6	2018/01/03 18:25:57
317	1	15		0	6	2018/01/03 18:26:08
318	1	3		0	6	2018/01/03 18:26:16
319	1	14		0	6	2018/01/03 18:26:18
320	1	10		0	6	2018/01/03 18:30:32
321	1	10		0	6	2018/01/03 18:30:32
322	1	5		0	6	2018/01/03 18:36:03
323	1	9		0	6	2018/01/03 18:36:09
324	1	8		0	6	2018/01/03 18:39:51
325	1	2		0	6	2018/01/03 22:50:36
326	1	11		0	6	2018/01/04 05:58:24
327	1	9		0	5	2018/01/04 07:56:15
328	1	24		0	5	2018/01/04 08:12:50
329	1	23		0	5	2018/01/04 08:24:01
330	1	23		0	5	2018/01/04 08:24:01
331	1	4		0	5	2018/01/04 08:30:37
332	1	4		0	5	2018/01/04 08:30:37
333	1	6		0	5	2018/01/04 08:35:42
334	1	25		0	5	2018/01/04 08:38:29
335	1	25		0	5	2018/01/04 08:38:29
336	1	5		0	5	2018/01/04 08:44:07
337	1	10		0	5	2018/01/04 08:51:00
338	1	10		0	5	2018/01/04 08:51:00
339	1	7		0	5	2018/01/04 08:57:01
340	1	7		0	5	2018/01/04 08:57:01
341	1	1		0	5	2018/01/04 08:59:36
342	1	20		0	5	2018/01/04 09:00:46
343	1	8		0	5	2018/01/04 09:06:00
344	1	17		0	5	2018/01/04 09:09:38
345	1	22		0	5	2018/01/04 09:11:05
346	1	18		0	5	2018/01/04 09:11:09
347	1	13		0	5	2018/01/04 09:11:14
348	1	13		0	5	2018/01/04 09:11:14
349	1	21		0	5	2018/01/04 09:11:27
350	1	14		0	5	2018/01/04 09:11:51
351	1	16		0	5	2018/01/04 09:16:52
352	1	12		0	5	2018/01/04 09:19:12
353	1	15		0	5	2018/01/04 09:22:15
354	1	2		0	5	2018/01/04 09:31:24
355	1	2		0	5	2018/01/04 09:31:24
356	1	11		0	5	2018/01/04 10:03:44
357	1	3		0	5	2018/01/04 10:18:39
358	1	5		0	6	2018/01/04 12:00:07
359	1	1		0	6	2018/01/04 12:00:19
360	1	1		0	6	2018/01/04 12:00:19
361	1	22		0	6	2018/01/04 12:00:23
362	1	20		0	6	2018/01/04 12:00:28
363	1	20		0	6	2018/01/04 12:00:28
364	1	16		0	6	2018/01/04 12:00:34
365	1	12		0	6	2018/01/04 12:00:37
366	1	17		0	6	2018/01/04 12:00:43
367	1	3		0	6	2018/01/04 12:00:51
368	1	18		0	6	2018/01/04 12:00:57
369	1	15		0	6	2018/01/04 12:01:00
370	1	7		0	6	2018/01/04 12:01:04
371	1	7		0	6	2018/01/04 12:01:07
372	1	23		0	6	2018/01/04 12:02:23
373	1	24		0	6	2018/01/04 12:02:26
374	1	25		0	6	2018/01/04 12:02:33
375	1	25		0	6	2018/01/04 12:02:33
376	1	9		0	6	2018/01/04 12:31:50
377	1	9		0	5	2018/01/04 12:31:57
378	1	17		0	5	2018/01/04 12:34:05
379	1	18		0	5	2018/01/04 12:34:10
380	1	16		0	5	2018/01/04 12:34:30
381	1	20		0	5	2018/01/04 12:34:33
382	1	12		0	5	2018/01/04 12:43:55
383	1	7		0	5	2018/01/04 12:43:58
384	1	7		0	5	2018/01/04 12:43:58
385	1	1		0	5	2018/01/04 12:49:17
386	1	24		0	5	2018/01/04 12:49:22
387	1	23		0	5	2018/01/04 12:49:25
388	1	23		0	5	2018/01/04 12:49:25
389	1	25		0	5	2018/01/04 12:49:27
390	1	25		0	5	2018/01/04 12:49:27
391	1	5		0	5	2018/01/04 12:49:36
392	1	15		0	5	2018/01/04 12:49:40
393	1	15		0	5	2018/01/04 12:49:40
394	1	13		0	5	2018/01/04 12:49:45
395	1	13		0	5	2018/01/04 12:49:45
396	1	3		0	5	2018/01/04 12:50:16
397	1	22		0	5	2018/01/04 13:00:28
398	1	26		0	5	2018/01/04 13:29:37
399	1	24		0	5	2018/01/04 14:12:57
400	1	23		0	6	2018/01/04 14:13:05
401	1	26		0	6	2018/01/04 18:00:28
402	1	25		0	6	2018/01/04 18:00:57
403	1	16		0	6	2018/01/04 18:01:04
404	1	16		0	6	2018/01/04 18:01:04
405	1	21		0	6	2018/01/04 18:01:16
406	1	21		0	6	2018/01/04 18:01:16
407	1	22		0	6	2018/01/04 18:01:23
408	1	17		0	6	2018/01/04 18:01:45
409	1	18		0	6	2018/01/04 18:02:02
410	1	20		0	6	2018/01/04 18:02:32
411	1	12		0	6	2018/01/04 18:03:28
412	1	14		0	6	2018/01/04 18:09:37
413	1	14		0	6	2018/01/04 18:09:37
414	1	4		0	6	2018/01/04 18:09:41
415	1	11		0	6	2018/01/04 18:10:11
416	1	2		0	6	2018/01/04 18:16:59
417	1	1		0	6	2018/01/04 18:17:35
418	1	1		0	6	2018/01/04 18:17:35
419	1	5		0	6	2018/01/04 18:22:34
420	1	3		0	6	2018/01/04 18:28:55
421	1	13		0	6	2018/01/04 18:43:27
422	1	15		0	6	2018/01/04 19:29:11
423	1	14		0	6	2018/01/04 19:29:16
424	1	9		0	6	2018/01/04 20:52:07
425	1	14		0	6	2018/01/04 23:14:16
426	1	11		0	0	2018/01/05 07:51:44
427	1	1		0	5	2018/01/05 08:22:28
428	1	7		0	5	2018/01/05 08:31:18
429	1	7		0	5	2018/01/05 08:31:18
430	1	10		0	5	2018/01/05 08:37:35
431	1	6		0	5	2018/01/05 08:45:30
432	1	20		0	5	2018/01/05 08:46:38
433	1	4		0	5	2018/01/05 08:50:45
434	1	22		0	5	2018/01/05 09:01:02
435	1	5		0	5	2018/01/05 09:03:12
436	1	17		0	5	2018/01/05 09:05:06
437	1	12		0	5	2018/01/05 09:06:42
438	1	16		0	5	2018/01/05 09:14:56
439	1	21		0	5	2018/01/05 09:15:01
440	1	15		0	5	2018/01/05 09:19:41
441	1	2		0	5	2018/01/05 09:19:53
442	1	14		0	5	2018/01/05 09:23:56
443	1	18		0	5	2018/01/05 09:25:41
444	1	3		0	5	2018/01/05 09:52:46
445	1	4		0	6	2018/01/05 12:00:04
446	1	4		0	6	2018/01/05 12:00:04
447	1	2		0	6	2018/01/05 12:00:10
448	1	5		0	6	2018/01/05 12:00:14
449	1	1		0	6	2018/01/05 12:00:49
450	1	12		0	6	2018/01/05 12:00:54
451	1	5		0	6	2018/01/05 12:01:01
452	1	2		0	6	2018/01/05 12:01:06
453	1	2		0	6	2018/01/05 12:01:06
454	1	20		0	6	2018/01/05 12:01:09
455	1	22		0	6	2018/01/05 12:01:18
456	1	21		0	6	2018/01/05 12:01:21
457	1	17		0	6	2018/01/05 12:01:57
458	1	17		0	6	2018/01/05 12:01:57
459	1	16		0	6	2018/01/05 12:02:11
460	1	16		0	6	2018/01/05 12:02:11
461	1	3		0	6	2018/01/05 12:02:14
462	1	18		0	6	2018/01/05 12:02:32
463	1	13		0	6	2018/01/05 12:02:48
464	1	13		0	6	2018/01/05 12:02:48
465	1	6		0	6	2018/01/05 12:03:05
466	1	6		0	6	2018/01/05 12:03:05
467	1	6		0	6	2018/01/05 12:03:08
468	1	14		0	6	2018/01/05 12:15:38
469	1	14		0	6	2018/01/05 12:15:38
470	1	14		0	6	2018/01/05 12:15:40
471	1	4		0	5	2018/01/05 12:21:34
472	1	14		0	5	2018/01/05 12:31:59
473	1	22		0	5	2018/01/05 12:32:02
474	1	16		0	5	2018/01/05 12:34:02
475	1	17		0	5	2018/01/05 12:34:07
476	1	21		0	5	2018/01/05 12:34:09
477	1	18		0	5	2018/01/05 12:34:14
478	1	12		0	5	2018/01/05 12:35:29
479	1	20		0	5	2018/01/05 12:36:08
480	1	3		0	5	2018/01/05 12:42:29
481	1	1		0	5	2018/01/05 12:42:34
482	1	6		0	5	2018/01/05 12:42:44
483	1	6		0	5	2018/01/05 12:42:44
484	1	5		0	5	2018/01/05 13:00:16
485	1	13		0	5	2018/01/05 13:00:18
486	1	13		0	5	2018/01/05 13:00:18
487	1	2		0	5	2018/01/05 13:44:32
488	1	20		0	5	2018/01/05 14:52:10
489	1	21		0	6	2018/01/05 14:53:08
490	1	16		0	6	2018/01/05 14:53:12
491	1	20		0	6	2018/01/05 14:53:15
492	1	17		0	6	2018/01/05 14:53:31
493	1	17		0	6	2018/01/05 14:53:31
494	1	18		0	6	2018/01/05 14:53:36
495	1	2		0	6	2018/01/05 18:00:09
496	1	12		0	6	2018/01/05 18:00:23
497	1	14		0	6	2018/01/05 18:00:39
498	1	6		0	6	2018/01/05 18:13:47
499	1	6		0	6	2018/01/05 18:13:47
500	1	6		0	6	2018/01/05 18:13:53
501	1	6		0	0	2018/01/05 18:14:09
502	1	1		0	6	2018/01/05 18:14:33
503	1	11		0	6	2018/01/05 18:17:49
504	1	3		0	6	2018/01/05 18:17:55
505	1	7		0	6	2018/01/05 19:00:03
506	1	7		0	6	2018/01/05 19:00:03
507	1	13		0	6	2018/01/05 19:00:50
508	1	13		0	6	2018/01/05 19:00:50
509	1	11		0	5	2018/01/05 21:21:54
510	1	11		0	6	2018/01/06 07:42:37
511	1	4		0	5	2018/01/08 08:46:57
512	1	6		0	5	2018/01/08 08:47:01
513	1	24		0	5	2018/01/08 08:47:09
514	1	26		0	5	2018/01/08 08:47:12
515	1	23		0	5	2018/01/08 08:47:27
516	1	11		0	5	2018/01/08 08:48:37
517	1	7		0	5	2018/01/08 08:48:48
518	1	7		0	5	2018/01/08 08:48:48
519	1	5		0	5	2018/01/08 08:52:28
520	1	13		0	5	2018/01/08 08:57:43
521	1	13		0	5	2018/01/08 08:57:43
522	1	25		0	5	2018/01/08 08:58:55
523	1	9		0	5	2018/01/08 08:59:55
524	1	1		0	5	2018/01/08 08:59:59
525	1	1		0	5	2018/01/08 08:59:59
526	1	12		0	5	2018/01/08 09:00:59
527	1	21		0	5	2018/01/08 09:02:37
528	1	8		0	5	2018/01/08 09:05:11
529	1	22		0	5	2018/01/08 09:09:04
530	1	14		0	5	2018/01/08 09:09:37
531	1	18		0	5	2018/01/08 09:18:42
532	1	17		0	5	2018/01/08 09:18:47
533	1	16		0	5	2018/01/08 09:22:47
534	1	20		0	5	2018/01/08 09:25:12
535	1	2		0	5	2018/01/08 09:26:39
536	1	3		0	5	2018/01/08 09:29:03
537	1	15		0	5	2018/01/08 10:54:50
538	1	1		0	5	2018/01/08 12:00:30
539	1	1		0	6	2018/01/08 12:00:40
540	1	1		0	6	2018/01/08 12:00:40
541	1	5		0	6	2018/01/08 12:00:57
542	1	12		0	6	2018/01/08 12:01:04
543	1	20		0	6	2018/01/08 12:01:06
544	1	22		0	6	2018/01/08 12:01:10
545	1	3		0	6	2018/01/08 12:01:18
546	1	18		0	6	2018/01/08 12:01:22
547	1	26		0	6	2018/01/08 12:01:29
548	1	23		0	6	2018/01/08 12:01:38
549	1	24		0	6	2018/01/08 12:01:44
550	1	13		0	6	2018/01/08 12:01:51
551	1	21		0	6	2018/01/08 12:01:54
552	1	17		0	6	2018/01/08 12:02:21
553	1	16		0	6	2018/01/08 12:02:31
554	1	25		0	6	2018/01/08 12:03:36
555	1	25		0	6	2018/01/08 12:03:36
556	1	9		0	6	2018/01/08 12:14:06
557	1	4		0	6	2018/01/08 12:36:44
558	1	4		0	5	2018/01/08 12:36:54
559	1	20		0	5	2018/01/08 12:37:35
560	1	12		0	5	2018/01/08 12:37:45
561	1	16		0	5	2018/01/08 12:38:10
562	1	18		0	5	2018/01/08 12:38:17
563	1	22		0	5	2018/01/08 12:38:30
564	1	21		0	5	2018/01/08 12:39:12
565	1	24		0	5	2018/01/08 12:39:57
566	1	26		0	5	2018/01/08 12:40:05
567	1	23		0	5	2018/01/08 12:40:11
568	1	25		0	5	2018/01/08 12:40:35
569	1	5		0	5	2018/01/08 12:59:37
570	1	9		0	5	2018/01/08 12:59:39
571	1	1		0	5	2018/01/08 12:59:46
572	1	1		0	5	2018/01/08 12:59:46
573	1	3		0	5	2018/01/08 12:59:51
574	1	3		0	5	2018/01/08 12:59:51
575	1	13		0	5	2018/01/08 12:59:55
576	1	13		0	5	2018/01/08 12:59:55
577	1	7		0	6	2018/01/08 13:00:11
578	1	7		0	6	2018/01/08 13:00:11
579	1	7		0	5	2018/01/08 13:00:17
580	1	7		0	5	2018/01/08 13:00:17
581	1	17		0	5	2018/01/08 13:15:11
582	1	17		0	5	2018/01/08 13:15:11
583	1	20		0	6	2018/01/08 17:32:58
584	1	22		0	6	2018/01/08 17:35:30
585	1	19		0	5	2018/01/08 17:48:31
586	1	19		0	5	2018/01/08 17:48:31
587	1	26		0	6	2018/01/08 18:00:03
588	1	23		0	6	2018/01/08 18:00:06
589	1	25		0	6	2018/01/08 18:00:09
590	1	24		0	6	2018/01/08 18:00:12
591	1	21		0	6	2018/01/08 18:00:18
592	1	18		0	6	2018/01/08 18:00:58
593	1	16		0	6	2018/01/08 18:01:05
594	1	19		0	6	2018/01/08 18:01:18
595	1	17		0	6	2018/01/08 18:01:25
596	1	14		0	6	2018/01/08 18:01:42
597	1	12		0	6	2018/01/08 18:01:58
598	1	9		0	6	2018/01/08 18:02:14
599	1	5		0	6	2018/01/08 18:02:23
600	1	3		0	6	2018/01/08 18:02:28
601	1	4		0	6	2018/01/08 18:07:03
602	1	6		0	6	2018/01/08 18:07:32
603	1	6		0	6	2018/01/08 18:07:32
604	1	2		0	6	2018/01/08 18:07:41
605	1	1		0	6	2018/01/08 18:08:01
606	1	1		0	6	2018/01/08 18:08:01
607	1	4		0	5	2018/01/09 08:23:19
608	1	24		0	5	2018/01/09 08:23:29
609	1	23		0	5	2018/01/09 08:35:46
610	1	1		0	5	2018/01/09 08:36:00
611	1	7		0	5	2018/01/09 08:36:08
612	1	7		0	5	2018/01/09 08:36:08
613	1	6		0	5	2018/01/09 08:36:16
614	1	6		0	5	2018/01/09 08:36:16
615	1	26		0	5	2018/01/09 08:37:03
616	1	26		0	5	2018/01/09 08:37:03
617	1	25		0	5	2018/01/09 08:40:10
618	1	16		0	5	2018/01/09 08:46:08
619	1	9		0	5	2018/01/09 08:46:58
620	1	11		0	5	2018/01/09 08:54:30
621	1	21		0	5	2018/01/09 08:55:15
622	1	17		0	5	2018/01/09 08:59:43
623	1	19		0	5	2018/01/09 09:01:06
624	1	18		0	5	2018/01/09 09:03:46
625	1	8		0	5	2018/01/09 09:03:50
626	1	12		0	5	2018/01/09 09:05:12
627	1	2		0	5	2018/01/09 09:05:15
628	1	2		0	5	2018/01/09 09:05:17
629	1	5		0	5	2018/01/09 09:10:19
630	1	20		0	5	2018/01/09 09:10:23
631	1	14		0	5	2018/01/09 09:20:00
632	1	15		0	5	2018/01/09 09:25:44
633	1	22		0	5	2018/01/09 09:37:18
634	1	3		0	5	2018/01/09 09:52:05
635	1	13		0	5	2018/01/09 09:52:11
636	1	13		0	5	2018/01/09 09:52:11
637	1	21		0	6	2018/01/09 12:00:04
638	1	16		0	6	2018/01/09 12:00:14
639	1	22		0	6	2018/01/09 12:00:17
640	1	19		0	6	2018/01/09 12:00:26
641	1	18		0	6	2018/01/09 12:00:31
642	1	20		0	6	2018/01/09 12:00:37
643	1	5		0	6	2018/01/09 12:00:44
644	1	17		0	6	2018/01/09 12:01:42
645	1	26		0	6	2018/01/09 12:02:51
646	1	24		0	6	2018/01/09 12:02:55
647	1	25		0	6	2018/01/09 12:03:19
648	1	23		0	6	2018/01/09 12:03:26
649	1	23		0	6	2018/01/09 12:03:26
650	1	24		0	5	2018/01/09 12:05:22
651	1	9		0	6	2018/01/09 12:13:06
652	1	12		0	6	2018/01/09 12:13:18
653	1	3		0	6	2018/01/09 12:15:22
654	1	7		0	6	2018/01/09 12:15:24
655	1	7		0	6	2018/01/09 12:15:24
656	1	23		0	5	2018/01/09 12:20:02
657	1	23		0	5	2018/01/09 12:20:02
658	1	26		0	5	2018/01/09 12:20:39
659	1	25		0	5	2018/01/09 12:24:33
660	1	19		0	5	2018/01/09 12:29:51
661	1	22		0	5	2018/01/09 12:29:55
662	1	16		0	5	2018/01/09 12:30:08
663	1	20		0	5	2018/01/09 12:30:10
664	1	18		0	5	2018/01/09 12:30:14
665	1	17		0	5	2018/01/09 12:40:25
666	1	1		0	6	2018/01/09 12:52:24
667	1	1		0	5	2018/01/09 12:52:32
668	1	9		0	5	2018/01/09 12:52:35
669	1	7		0	5	2018/01/09 12:52:40
670	1	7		0	5	2018/01/09 12:52:40
671	1	12		0	5	2018/01/09 12:52:46
672	1	21		0	5	2018/01/09 12:53:34
673	1	3		0	5	2018/01/09 12:53:39
674	1	13		0	5	2018/01/09 12:57:56
675	1	13		0	5	2018/01/09 12:57:56
676	1	13		0	5	2018/01/09 13:19:33
677	1	13		0	5	2018/01/09 13:50:07
678	1	23		0	5	2018/01/09 14:50:16
679	1	24		0	6	2018/01/09 15:21:56
680	1	26		0	6	2018/01/09 15:22:03
681	1	25		0	6	2018/01/09 15:24:34
682	1	27		0	6	2018/01/09 16:09:19
683	1	28		0	5	2018/01/09 16:10:07
684	1	29		0	5	2018/01/09 16:10:41
685	1	30		0	5	2018/01/09 16:11:20
686	1	30		0	5	2018/01/09 16:11:20
687	1	21		0	6	2018/01/09 18:00:04
688	1	17		0	6	2018/01/09 18:00:11
689	1	20		0	6	2018/01/09 18:00:13
690	1	16		0	6	2018/01/09 18:00:16
691	1	18		0	6	2018/01/09 18:00:31
692	1	19		0	6	2018/01/09 18:01:08
693	1	22		0	6	2018/01/09 18:01:53
694	1	5		0	6	2018/01/09 18:01:57
695	1	27		0	6	2018/01/09 18:02:29
696	1	29		0	6	2018/01/09 18:02:38
697	1	30		0	6	2018/01/09 18:02:51
698	1	9		0	6	2018/01/09 18:03:01
699	1	28		0	6	2018/01/09 18:03:08
700	1	28		0	6	2018/01/09 18:03:08
701	1	12		0	6	2018/01/09 18:04:53
702	1	1		0	6	2018/01/09 18:11:17
703	1	3		0	6	2018/01/09 18:11:25
704	1	2		0	6	2018/01/09 18:12:38
705	1	2		0	6	2018/01/09 18:12:38
706	1	2		0	6	2018/01/09 18:12:40
707	1	2		0	6	2018/01/09 18:12:40
708	1	2		0	6	2018/01/09 18:12:42
709	1	2		0	6	2018/01/09 18:12:42
710	1	11		0	6	2018/01/09 18:19:21
711	1	11		0	6	2018/01/09 18:19:21
712	1	4		0	6	2018/01/09 18:25:50
713	1	13		0	6	2018/01/09 18:45:04
714	1	7		0	6	2018/01/09 18:52:30
715	1	7		0	6	2018/01/09 18:52:30
716	1	14		0	6	2018/01/09 18:52:35
717	1	5		0	5	2018/01/10 07:43:10
718	1	13		0	5	2018/01/10 08:05:52
719	1	13		0	5	2018/01/10 08:05:52
720	1	6		0	5	2018/01/10 08:21:12
721	1	6		0	5	2018/01/10 08:21:12
722	1	18		0	5	2018/01/10 08:37:32
723	1	4		0	5	2018/01/10 08:43:20
724	1	7		0	5	2018/01/10 08:47:31
725	1	7		0	5	2018/01/10 08:47:31
726	1	1		0	5	2018/01/10 08:47:36
727	1	11		0	5	2018/01/10 08:52:03
728	1	11		0	5	2018/01/10 08:52:03
729	1	19		0	5	2018/01/10 08:56:36
730	1	29		0	5	2018/01/10 08:56:46
731	1	12		0	5	2018/01/10 09:00:11
732	1	21		0	5	2018/01/10 09:00:19
733	1	17		0	5	2018/01/10 09:02:30
734	1	16		0	5	2018/01/10 09:06:19
735	1	8		0	5	2018/01/10 09:08:31
736	1	20		0	5	2018/01/10 09:14:06
737	1	28		0	5	2018/01/10 09:14:10
738	1	9		0	5	2018/01/10 09:19:41
739	1	9		0	5	2018/01/10 09:19:41
740	1	14		0	5	2018/01/10 09:19:46
741	1	15		0	5	2018/01/10 09:32:06
742	1	22		0	5	2018/01/10 09:41:11
743	1	3		0	5	2018/01/10 09:47:24
744	1	3		0	5	2018/01/10 09:47:24
745	1	22		0	6	2018/01/10 12:00:38
746	1	4		0	6	2018/01/10 12:00:51
747	1	5		0	6	2018/01/10 12:00:59
748	1	1		0	6	2018/01/10 12:01:04
749	1	12		0	6	2018/01/10 12:01:09
750	1	9		0	6	2018/01/10 12:01:20
751	1	3		0	6	2018/01/10 12:01:31
752	1	19		0	6	2018/01/10 12:01:40
753	1	20		0	6	2018/01/10 12:01:44
754	1	16		0	6	2018/01/10 12:01:47
755	1	28		0	6	2018/01/10 12:02:02
756	1	28		0	6	2018/01/10 12:02:02
757	1	21		0	6	2018/01/10 12:02:08
758	1	13		0	6	2018/01/10 12:02:18
759	1	13		0	6	2018/01/10 12:02:18
760	1	29		0	6	2018/01/10 12:02:31
761	1	7		0	6	2018/01/10 12:02:41
762	1	7		0	6	2018/01/10 12:02:41
763	1	15		0	6	2018/01/10 12:02:46
764	1	18		0	6	2018/01/10 12:03:20
765	1	18		0	6	2018/01/10 12:03:20
766	1	17		0	6	2018/01/10 12:03:27
767	1	14		0	6	2018/01/10 12:31:48
768	1	1		0	5	2018/01/10 12:37:34
769	1	9		0	5	2018/01/10 12:37:39
770	1	3		0	5	2018/01/10 12:37:42
771	1	3		0	5	2018/01/10 12:37:42
772	1	7		0	5	2018/01/10 12:37:50
773	1	7		0	5	2018/01/10 12:37:53
774	1	7		0	5	2018/01/10 12:37:53
775	1	28		0	5	2018/01/10 12:38:31
776	1	22		0	5	2018/01/10 12:41:05
777	1	12		0	5	2018/01/10 12:41:11
778	1	18		0	5	2018/01/10 12:41:19
779	1	29		0	5	2018/01/10 12:46:23
780	1	17		0	5	2018/01/10 12:47:13
781	1	16		0	5	2018/01/10 12:47:17
782	1	19		0	5	2018/01/10 12:47:36
783	1	19		0	5	2018/01/10 12:47:36
784	1	21		0	5	2018/01/10 12:47:43
785	1	21		0	5	2018/01/10 12:47:43
786	1	19		0	5	2018/01/10 12:48:08
787	1	4		0	5	2018/01/10 12:54:24
788	1	4		0	5	2018/01/10 12:54:24
789	1	13		0	5	2018/01/10 12:58:07
790	1	15		0	5	2018/01/10 12:58:13
791	1	15		0	5	2018/01/10 12:58:13
792	1	5		0	5	2018/01/10 13:02:53
793	1	30		0	5	2018/01/10 13:50:41
794	1	29		0	6	2018/01/10 14:02:27
795	1	28		0	6	2018/01/10 14:02:30
796	1	27		0	5	2018/01/10 14:06:21
797	1	27		0	5	2018/01/10 14:06:21
798	1	2		0	5	2018/01/10 15:56:30
799	1	18		0	6	2018/01/10 18:00:39
800	1	5		0	6	2018/01/10 18:00:41
801	1	21		0	6	2018/01/10 18:00:44
802	1	16		0	6	2018/01/10 18:00:52
803	1	17		0	6	2018/01/10 18:01:36
804	1	27		0	6	2018/01/10 18:02:28
805	1	30		0	6	2018/01/10 18:02:33
806	1	22		0	6	2018/01/10 18:02:42
807	1	12		0	6	2018/01/10 18:03:53
808	1	1		0	6	2018/01/10 18:04:06
809	1	14		0	6	2018/01/10 18:05:57
810	1	4		0	6	2018/01/10 18:06:33
811	1	19		0	6	2018/01/10 18:07:36
812	1	6		0	6	2018/01/10 18:09:56
813	1	6		0	6	2018/01/10 18:09:56
814	1	3		0	6	2018/01/10 18:14:49
815	1	2		0	6	2018/01/10 19:12:02
816	1	9		0	6	2018/01/10 19:12:07
817	1	13		0	6	2018/01/10 19:49:36
818	1	11		0	6	2018/01/10 20:19:06
819	1	1		0	5	2018/01/11 08:23:33
820	1	11		0	5	2018/01/11 08:30:16
821	1	11		0	5	2018/01/11 08:30:16
822	1	7		0	5	2018/01/11 08:31:06
823	1	7		0	5	2018/01/11 08:31:06
824	1	7		0	5	2018/01/11 08:31:08
825	1	6		0	5	2018/01/11 08:31:32
826	1	6		0	5	2018/01/11 08:31:32
827	1	9		0	5	2018/01/11 08:44:15
828	1	16		0	5	2018/01/11 08:44:22
829	1	4		0	5	2018/01/11 08:46:56
830	1	29		0	5	2018/01/11 08:48:44
831	1	5		0	5	2018/01/11 08:56:43
832	1	8		0	5	2018/01/11 08:58:29
833	1	8		0	5	2018/01/11 08:58:29
834	1	17		0	5	2018/01/11 08:59:51
835	1	17		0	5	2018/01/11 08:59:51
836	1	18		0	5	2018/01/11 08:59:54
837	1	19		0	5	2018/01/11 09:01:18
838	1	12		0	5	2018/01/11 09:03:02
839	1	13		0	5	2018/01/11 09:05:18
840	1	13		0	5	2018/01/11 09:05:18
841	1	21		0	5	2018/01/11 09:07:15
842	1	22		0	5	2018/01/11 09:09:46
843	1	28		0	5	2018/01/11 09:15:35
844	1	20		0	5	2018/01/11 09:20:51
845	1	14		0	5	2018/01/11 09:22:04
846	1	15		0	5	2018/01/11 09:34:18
847	1	2		0	5	2018/01/11 09:35:56
848	1	3		0	5	2018/01/11 10:12:29
849	1	3		0	5	2018/01/11 10:12:29
850	1	5		0	6	2018/01/11 12:00:17
851	1	9		0	6	2018/01/11 12:00:22
852	1	9		0	6	2018/01/11 12:00:22
853	1	9		0	6	2018/01/11 12:00:24
854	1	9		0	6	2018/01/11 12:00:24
855	1	9		0	6	2018/01/11 12:00:26
856	1	9		0	6	2018/01/11 12:00:26
857	1	9		0	6	2018/01/11 12:00:28
858	1	8		0	6	2018/01/11 12:01:01
859	1	1		0	6	2018/01/11 12:01:03
860	1	13		0	6	2018/01/11 12:01:08
861	1	3		0	6	2018/01/11 12:01:11
862	1	18		0	6	2018/01/11 12:01:18
863	1	20		0	6	2018/01/11 12:01:37
864	1	12		0	6	2018/01/11 12:01:41
865	1	21		0	6	2018/01/11 12:01:51
866	1	16		0	6	2018/01/11 12:01:59
867	1	29		0	6	2018/01/11 12:02:02
868	1	22		0	6	2018/01/11 12:02:07
869	1	17		0	6	2018/01/11 12:02:16
870	1	7		0	6	2018/01/11 12:02:21
871	1	7		0	6	2018/01/11 12:02:21
872	1	19		0	6	2018/01/11 12:02:25
873	1	22		0	5	2018/01/11 12:33:10
874	1	18		0	5	2018/01/11 12:33:16
875	1	12		0	5	2018/01/11 12:33:27
876	1	20		0	5	2018/01/11 12:35:05
877	1	29		0	5	2018/01/11 12:48:19
878	1	28		0	5	2018/01/11 12:48:34
879	1	21		0	5	2018/01/11 13:00:13
880	1	1		0	5	2018/01/11 13:11:11
881	1	9		0	5	2018/01/11 13:11:13
882	1	3		0	5	2018/01/11 13:11:17
883	1	7		0	5	2018/01/11 13:11:22
884	1	7		0	5	2018/01/11 13:11:22
885	1	5		0	5	2018/01/11 13:19:51
886	1	13		0	5	2018/01/11 13:20:38
887	1	13		0	5	2018/01/11 13:20:38
888	1	30		0	5	2018/01/11 13:22:59
889	1	17		0	5	2018/01/11 13:23:16
890	1	19		0	5	2018/01/11 13:23:24
891	1	19		0	5	2018/01/11 13:23:25
892	1	16		0	5	2018/01/11 13:23:41
893	1	14		0	5	2018/01/11 13:31:43
894	1	27		0	5	2018/01/11 13:55:44
895	1	28		0	6	2018/01/11 14:03:21
896	1	28		0	6	2018/01/11 14:03:21
897	1	29		0	6	2018/01/11 14:03:47
898	1	21		0	6	2018/01/11 18:00:05
899	1	18		0	6	2018/01/11 18:00:14
900	1	17		0	6	2018/01/11 18:00:19
901	1	22		0	6	2018/01/11 18:00:24
902	1	16		0	6	2018/01/11 18:00:30
903	1	20		0	6	2018/01/11 18:00:35
904	1	30		0	6	2018/01/11 18:01:13
905	1	2		0	6	2018/01/11 18:01:18
906	1	27		0	6	2018/01/11 18:01:26
907	1	5		0	6	2018/01/11 18:02:07
908	1	3		0	6	2018/01/11 18:02:35
909	1	3		0	6	2018/01/11 18:02:35
910	1	19		0	6	2018/01/11 18:03:50
911	1	12		0	6	2018/01/11 18:05:09
912	1	6		0	6	2018/01/11 18:06:57
913	1	1		0	6	2018/01/11 18:08:01
914	1	7		0	6	2018/01/11 18:08:05
915	1	7		0	6	2018/01/11 18:08:05
916	1	7		0	6	2018/01/11 18:08:07
917	1	4		0	6	2018/01/11 18:14:53
918	1	13		0	6	2018/01/11 18:27:09
919	1	13		0	6	2018/01/11 18:27:09
920	1	9		0	6	2018/01/11 18:27:16
921	1	1		0	6	2018/01/11 18:28:09
922	1	15		0	6	2018/01/11 18:28:13
923	1	11		0	6	2018/01/11 19:55:02
924	1	11		0	6	2018/01/11 19:55:09
925	1	11		0	6	2018/01/11 19:55:09
926	1	4		0	5	2018/01/12 08:51:14
927	1	6		0	5	2018/01/12 09:00:41
928	1	6		0	5	2018/01/12 09:00:41
929	1	21		0	5	2018/01/12 09:01:56
930	1	5		0	5	2018/01/12 09:12:13
931	1	13		0	5	2018/01/12 09:18:54
932	1	13		0	5	2018/01/12 09:18:54
933	1	12		0	5	2018/01/12 09:19:10
934	1	17		0	5	2018/01/12 09:27:28
935	1	22		0	5	2018/01/12 09:47:30
936	1	18		0	5	2018/01/12 09:54:35
937	1	9		0	5	2018/01/12 09:57:44
938	1	15		0	5	2018/01/12 10:10:59
939	1	19		0	5	2018/01/12 10:38:26
940	1	21		0	6	2018/01/12 12:00:11
941	1	17		0	6	2018/01/12 12:00:16
942	1	18		0	6	2018/01/12 12:01:01
943	1	22		0	6	2018/01/12 12:01:09
944	1	19		0	6	2018/01/12 12:01:21
945	1	12		0	6	2018/01/12 12:01:32
946	1	13		0	6	2018/01/12 12:01:35
947	1	5		0	6	2018/01/12 12:01:45
948	1	6		0	6	2018/01/12 12:02:44
949	1	6		0	6	2018/01/12 12:02:44
950	1	4		0	6	2018/01/12 12:17:48
951	1	4		0	5	2018/01/12 12:17:55
952	1	22		0	5	2018/01/12 12:21:50
953	1	19		0	5	2018/01/12 12:22:14
954	1	12		0	5	2018/01/12 12:34:24
955	1	21		0	5	2018/01/12 12:58:52
956	1	18		0	5	2018/01/12 12:59:10
957	1	5		0	5	2018/01/12 13:00:16
958	1	14		0	5	2018/01/12 13:00:19
959	1	17		0	5	2018/01/12 13:00:33
960	1	17		0	6	2018/01/12 13:20:46
961	1	9		0	6	2018/01/12 17:16:44
962	1	4		0	6	2018/01/12 18:00:02
963	1	21		0	6	2018/01/12 18:00:08
964	1	18		0	6	2018/01/12 18:00:12
965	1	22		0	6	2018/01/12 18:00:18
966	1	5		0	6	2018/01/12 18:00:23
967	1	19		0	6	2018/01/12 18:03:39
968	1	12		0	6	2018/01/12 18:08:50
969	1	15		0	6	2018/01/12 18:12:00
970	1	13		0	6	2018/01/12 19:40:24
971	1	1		0	0	2018/01/15 08:35:33
972	1	6		0	0	2018/01/15 08:35:36
973	1	6		0	0	2018/01/15 08:35:36
974	1	11		0	0	2018/01/15 08:39:44
975	1	13		0	0	2018/01/15 08:39:52
976	1	5		0	0	2018/01/15 08:41:20
977	1	7		0	0	2018/01/15 08:51:36
978	1	7		0	0	2018/01/15 08:51:36
979	1	4		0	0	2018/01/15 08:54:56
980	1	17		0	0	2018/01/15 08:56:28
981	1	14		0	0	2018/01/15 09:01:44
982	1	9		0	0	2018/01/15 09:04:39
983	1	19		0	0	2018/01/15 09:04:48
984	1	21		0	5	2018/01/15 09:07:29
985	1	21		0	5	2018/01/15 09:07:29
986	1	12		0	5	2018/01/15 09:15:29
987	1	2		0	5	2018/01/15 09:19:27
988	1	2		0	5	2018/01/15 09:19:27
989	1	20		0	5	2018/01/15 09:31:36
990	1	22		0	5	2018/01/15 09:36:17
991	1	3		0	5	2018/01/15 10:40:18
992	1	5		0	6	2018/01/15 12:00:12
993	1	14		0	6	2018/01/15 12:00:15
994	1	22		0	6	2018/01/15 12:00:50
995	1	1		0	6	2018/01/15 12:01:09
996	1	12		0	6	2018/01/15 12:01:15
997	1	20		0	6	2018/01/15 12:01:24
998	1	21		0	6	2018/01/15 12:01:39
999	1	17		0	6	2018/01/15 12:01:45
1000	1	3		0	6	2018/01/15 12:01:59
1001	1	19		0	6	2018/01/15 12:02:03
1002	1	4		0	6	2018/01/15 12:04:21
1003	1	4		0	5	2018/01/15 12:29:41
1004	1	9		0	6	2018/01/15 12:30:46
1005	1	9		0	5	2018/01/15 12:30:58
1006	1	1		0	5	2018/01/15 12:31:06
1007	1	3		0	5	2018/01/15 12:31:10
1008	1	22		0	5	2018/01/15 12:39:56
1009	1	21		0	5	2018/01/15 12:40:04
1010	1	21		0	5	2018/01/15 12:40:04
1011	1	17		0	5	2018/01/15 12:40:08
1012	1	17		0	5	2018/01/15 12:40:08
1013	1	12		0	5	2018/01/15 12:40:12
1014	1	7		0	5	2018/01/15 12:40:23
1015	1	7		0	5	2018/01/15 12:40:23
1016	1	20		0	5	2018/01/15 12:41:44
1017	1	19		0	5	2018/01/15 12:41:49
1018	1	5		0	5	2018/01/15 13:00:11
1019	1	14		0	5	2018/01/15 13:40:01
1020	1	5		0	5	2018/01/15 18:00:06
1021	1	22		0	5	2018/01/15 18:00:15
1022	1	22		0	5	2018/01/15 18:00:15
1023	1	20		0	5	2018/01/15 18:00:23
1024	1	20		0	5	2018/01/15 18:00:23
1025	1	21		0	5	2018/01/15 18:00:26
1026	1	17		0	5	2018/01/15 18:00:31
1027	1	17		0	5	2018/01/15 18:00:31
1028	1	9		0	5	2018/01/15 18:02:17
1029	1	9		0	6	2018/01/15 18:02:29
1030	1	19		0	6	2018/01/15 18:02:50
1031	1	6		0	6	2018/01/15 18:03:40
1032	1	14		0	6	2018/01/15 18:03:44
1033	1	14		0	6	2018/01/15 18:03:44
1034	1	14		0	6	2018/01/15 18:03:46
1035	1	14		0	6	2018/01/15 18:03:46
1036	1	6		0	6	2018/01/15 18:04:54
1037	1	3		0	6	2018/01/15 18:05:20
1038	1	12		0	6	2018/01/15 18:05:29
1039	1	4		0	6	2018/01/15 18:11:44
1040	1	11		0	6	2018/01/15 18:11:50
1041	1	11		0	6	2018/01/15 18:11:50
1042	1	13		0	6	2018/01/15 18:15:21
1043	1	13		0	6	2018/01/15 18:15:21
1044	1	2		0	6	2018/01/15 20:10:55
1045	1	2		0	6	2018/01/15 20:27:03
1046	1	2		0	6	2018/01/15 20:27:06
1047	1	2		0	6	2018/01/15 20:27:06
1048	1	2		0	6	2018/01/15 20:27:09
1049	1	2		0	6	2018/01/15 20:27:09
1050	1	6		0	0	2018/01/16 08:42:24
1051	1	4		0	5	2018/01/16 08:51:22
1052	1	7		0	5	2018/01/16 08:51:32
1053	1	7		0	5	2018/01/16 08:51:32
1054	1	21		0	5	2018/01/16 08:56:54
1055	1	15		0	5	2018/01/16 09:00:38
1056	1	9		0	5	2018/01/16 09:03:40
1057	1	13		0	5	2018/01/16 09:03:44
1058	1	5		0	5	2018/01/16 09:09:57
1059	1	17		0	5	2018/01/16 09:13:53
1060	1	14		0	5	2018/01/16 09:13:55
1061	1	1		0	5	2018/01/16 09:15:10
1062	1	11		0	5	2018/01/16 09:15:16
1063	1	11		0	5	2018/01/16 09:15:16
1064	1	2		0	5	2018/01/16 09:15:19
1065	1	20		0	5	2018/01/16 09:19:51
1066	1	18		0	5	2018/01/16 09:19:53
1067	1	12		0	5	2018/01/16 09:21:34
1068	1	22		0	5	2018/01/16 09:31:46
1069	1	3		0	5	2018/01/16 10:17:58
1070	1	3		0	5	2018/01/16 10:17:58
1071	1	4		0	6	2018/01/16 12:00:05
1072	1	21		0	6	2018/01/16 12:00:36
1073	1	22		0	6	2018/01/16 12:00:40
1074	1	18		0	6	2018/01/16 12:00:42
1075	1	20		0	6	2018/01/16 12:00:45
1076	1	17		0	6	2018/01/16 12:00:49
1077	1	12		0	6	2018/01/16 12:01:06
1078	1	13		0	6	2018/01/16 12:01:20
1079	1	13		0	6	2018/01/16 12:01:20
1080	1	5		0	6	2018/01/16 12:01:23
1081	1	9		0	6	2018/01/16 12:01:29
1082	1	15		0	6	2018/01/16 12:01:32
1083	1	1		0	6	2018/01/16 12:01:44
1084	1	7		0	6	2018/01/16 12:02:01
1085	1	7		0	6	2018/01/16 12:02:01
1086	1	7		0	6	2018/01/16 12:02:03
1087	1	3		0	6	2018/01/16 12:02:08
1088	1	11		0	6	2018/01/16 12:03:43
1089	1	14		0	6	2018/01/16 12:03:48
1090	1	4		0	5	2018/01/16 12:14:01
1091	1	15		0	5	2018/01/16 12:37:55
1092	1	3		0	5	2018/01/16 12:38:06
1093	1	7		0	5	2018/01/16 12:38:13
1094	1	1		0	5	2018/01/16 12:38:38
1095	1	9		0	5	2018/01/16 12:38:46
1096	1	17		0	5	2018/01/16 12:44:11
1097	1	17		0	5	2018/01/16 12:44:11
1098	1	22		0	5	2018/01/16 12:44:14
1099	1	21		0	5	2018/01/16 12:44:22
1100	1	18		0	5	2018/01/16 12:44:28
1101	1	20		0	5	2018/01/16 12:46:00
1102	1	11		0	5	2018/01/16 12:50:14
1103	1	12		0	5	2018/01/16 12:50:28
1104	1	13		0	5	2018/01/16 12:56:23
1105	1	19		0	5	2018/01/16 12:56:29
1106	1	5		0	5	2018/01/16 13:00:20
1107	1	14		0	5	2018/01/16 13:00:22
1108	1	14		0	5	2018/01/16 13:00:22
1109	1	14		0	5	2018/01/16 18:00:14
1110	1	14		0	5	2018/01/16 18:00:14
1111	1	14		0	5	2018/01/16 18:00:16
1112	1	14		0	5	2018/01/16 18:00:16
1113	1	1		0	6	2018/01/16 18:00:39
1114	1	21		0	6	2018/01/16 18:00:47
1115	1	22		0	6	2018/01/16 18:00:51
1116	1	18		0	6	2018/01/16 18:01:13
1117	1	17		0	6	2018/01/16 18:01:29
1118	1	17		0	6	2018/01/16 18:01:29
1119	1	20		0	6	2018/01/16 18:01:48
1120	1	12		0	6	2018/01/16 18:06:32
1121	1	4		0	6	2018/01/16 18:12:44
1122	1	4		0	6	2018/01/16 18:12:44
1123	1	5		0	6	2018/01/16 18:12:58
1124	1	6		0	6	2018/01/16 18:13:13
1125	1	13		0	6	2018/01/16 18:28:28
1126	1	11		0	6	2018/01/16 18:32:15
1127	1	2		0	6	2018/01/16 19:45:27
1128	1	6		0	6	2018/01/17 08:19:12
1129	1	6		0	5	2018/01/17 08:19:34
1130	1	6		0	5	2018/01/17 08:19:34
1131	1	27		0	5	2018/01/17 08:29:29
1132	1	7		0	5	2018/01/17 08:29:33
1133	1	7		0	5	2018/01/17 08:29:33
1134	1	7		0	5	2018/01/17 08:29:35
1135	1	30		0	5	2018/01/17 08:44:26
1136	1	1		0	5	2018/01/17 08:45:16
1137	1	21		0	5	2018/01/17 09:04:01
1138	1	18		0	5	2018/01/17 09:04:07
1139	1	17		0	5	2018/01/17 09:04:50
1140	1	19		0	5	2018/01/17 09:06:08
1141	1	11		0	5	2018/01/17 09:09:35
1142	1	5		0	5	2018/01/17 09:12:03
1143	1	2		0	5	2018/01/17 09:12:45
1144	1	13		0	5	2018/01/17 09:19:36
1145	1	13		0	5	2018/01/17 09:19:36
1146	1	12		0	5	2018/01/17 09:24:26
1147	1	14		0	5	2018/01/17 09:27:49
1148	1	4		0	5	2018/01/17 09:29:39
1149	1	22		0	5	2018/01/17 09:35:58
1150	1	9		0	5	2018/01/17 09:37:30
1151	1	20		0	5	2018/01/17 09:41:24
1152	1	3		0	5	2018/01/17 10:30:08
1153	1	21		0	6	2018/01/17 12:00:22
1154	1	17		0	6	2018/01/17 12:00:35
1155	1	19		0	6	2018/01/17 12:00:43
1156	1	1		0	6	2018/01/17 12:00:55
1157	1	9		0	6	2018/01/17 12:00:59
1158	1	12		0	6	2018/01/17 12:01:04
1159	1	13		0	6	2018/01/17 12:01:08
1160	1	3		0	6	2018/01/17 12:01:13
1161	1	3		0	6	2018/01/17 12:01:13
1162	1	27		0	6	2018/01/17 12:02:05
1163	1	27		0	6	2018/01/17 12:02:05
1164	1	22		0	6	2018/01/17 12:02:11
1165	1	18		0	6	2018/01/17 12:02:22
1166	1	20		0	6	2018/01/17 12:02:29
1167	1	30		0	6	2018/01/17 12:04:10
1168	1	4		0	6	2018/01/17 12:04:58
1169	1	14		0	6	2018/01/17 12:26:47
1170	1	4		0	5	2018/01/17 12:27:04
1171	1	14		0	5	2018/01/17 12:27:17
1172	1	17		0	5	2018/01/17 12:30:09
1173	1	21		0	5	2018/01/17 12:30:24
1174	1	22		0	5	2018/01/17 12:30:31
1175	1	18		0	5	2018/01/17 12:31:49
1176	1	12		0	5	2018/01/17 12:31:54
1177	1	9		0	5	2018/01/17 12:33:45
1178	1	1		0	5	2018/01/17 12:33:49
1179	1	3		0	5	2018/01/17 12:33:54
1180	1	19		0	5	2018/01/17 12:34:11
1181	1	13		0	5	2018/01/17 12:47:38
1182	1	5		0	5	2018/01/17 13:00:17
1183	1	19		0	5	2018/01/17 13:00:32
1184	1	14		0	5	2018/01/17 13:00:52
1185	1	30		0	5	2018/01/17 13:02:33
1186	1	27		0	5	2018/01/17 13:02:39
1187	1	29		0	5	2018/01/17 13:11:25
1188	1	28		0	5	2018/01/17 14:23:00
1189	1	30		0	6	2018/01/17 15:18:27
1190	1	27		0	6	2018/01/17 15:18:35
1191	1	14		0	6	2018/01/17 18:00:08
1192	1	22		0	6	2018/01/17 18:00:18
1193	1	21		0	6	2018/01/17 18:00:22
1194	1	18		0	6	2018/01/17 18:00:25
1195	1	17		0	6	2018/01/17 18:00:29
1196	1	17		0	6	2018/01/17 18:00:29
1197	1	4		0	6	2018/01/17 18:02:07
1198	1	29		0	6	2018/01/17 18:02:13
1199	1	12		0	6	2018/01/17 18:02:33
1200	1	13		0	6	2018/01/17 18:02:38
1201	1	28		0	6	2018/01/17 18:03:52
1202	1	19		0	6	2018/01/17 18:04:06
1203	1	19		0	6	2018/01/17 18:04:06
1204	1	15		0	6	2018/01/17 18:05:23
1205	1	3		0	6	2018/01/17 18:08:30
1206	1	3		0	6	2018/01/17 18:08:30
1207	1	11		0	6	2018/01/17 18:08:38
1208	1	11		0	6	2018/01/17 18:08:38
1209	1	9		0	6	2018/01/17 18:13:53
1210	1	2		0	6	2018/01/17 19:31:47
1211	1	4		0	5	2018/01/18 08:50:41
1212	1	9		0	5	2018/01/18 08:54:30
1213	1	30		0	5	2018/01/18 08:55:33
1214	1	27		0	5	2018/01/18 08:56:26
1215	1	1		0	5	2018/01/18 09:01:27
1216	1	1		0	5	2018/01/18 09:01:28
1217	1	21		0	5	2018/01/18 09:01:33
1218	1	13		0	5	2018/01/18 09:02:52
1219	1	17		0	5	2018/01/18 09:05:57
1220	1	19		0	5	2018/01/18 09:09:01
1221	1	20		0	5	2018/01/18 09:09:05
1222	1	5		0	5	2018/01/18 09:11:15
1223	1	18		0	5	2018/01/18 09:22:05
1224	1	15		0	5	2018/01/18 09:23:44
1225	1	2		0	5	2018/01/18 09:24:55
1226	1	22		0	5	2018/01/18 09:29:54
1227	1	22		0	5	2018/01/18 09:29:54
1228	1	14		0	5	2018/01/18 09:31:46
1229	1	14		0	5	2018/01/18 09:31:46
1230	1	3		0	5	2018/01/18 10:12:28
1231	1	3		0	5	2018/01/18 10:12:28
1232	1	1		0	6	2018/01/18 12:00:34
1233	1	9		0	6	2018/01/18 12:00:42
1234	1	13		0	6	2018/01/18 12:00:57
1235	1	13		0	6	2018/01/18 12:00:57
1236	1	5		0	6	2018/01/18 12:01:16
1237	1	21		0	6	2018/01/18 12:01:22
1238	1	18		0	6	2018/01/18 12:01:26
1239	1	12		0	6	2018/01/18 12:01:35
1240	1	17		0	6	2018/01/18 12:01:35
1241	1	3		0	6	2018/01/18 12:01:38
1242	1	3		0	6	2018/01/18 12:01:38
1243	1	20		0	6	2018/01/18 12:01:41
1244	1	30		0	6	2018/01/18 12:01:49
1245	1	27		0	6	2018/01/18 12:01:56
1246	1	19		0	6	2018/01/18 12:02:01
1247	1	22		0	6	2018/01/18 12:02:27
1248	1	20		0	5	2018/01/18 12:31:39
1249	1	20		0	5	2018/01/18 12:31:39
1250	1	22		0	5	2018/01/18 12:31:44
1251	1	18		0	5	2018/01/18 12:31:50
1252	1	17		0	5	2018/01/18 12:31:56
1253	1	19		0	5	2018/01/18 12:32:04
1254	1	19		0	5	2018/01/18 12:32:04
1255	1	27		0	5	2018/01/18 12:43:14
1256	1	4		0	6	2018/01/18 12:49:40
1257	1	4		0	5	2018/01/18 12:49:47
1258	1	21		0	5	2018/01/18 12:50:00
1259	1	1		0	5	2018/01/18 12:51:13
1260	1	9		0	5	2018/01/18 12:51:18
1261	1	3		0	5	2018/01/18 12:51:21
1262	1	3		0	5	2018/01/18 12:51:21
1263	1	30		0	5	2018/01/18 12:52:50
1264	1	13		0	5	2018/01/18 12:58:33
1265	1	5		0	5	2018/01/18 13:00:16
1266	1	29		0	5	2018/01/18 13:36:41
1267	1	12		0	5	2018/01/18 14:13:10
1268	1	28		0	5	2018/01/18 14:35:58
1269	1	30		0	6	2018/01/18 15:16:10
1270	1	27		0	6	2018/01/18 15:16:14
1271	1	20		0	6	2018/01/18 18:00:58
1272	1	20		0	6	2018/01/18 18:00:58
1273	1	17		0	6	2018/01/18 18:01:20
1274	1	17		0	6	2018/01/18 18:01:20
1275	1	21		0	6	2018/01/18 18:01:27
1276	1	22		0	6	2018/01/18 18:01:54
1277	1	18		0	6	2018/01/18 18:02:02
1278	1	29		0	6	2018/01/18 18:02:13
1279	1	28		0	6	2018/01/18 18:04:56
1280	1	12		0	6	2018/01/18 18:05:17
1281	1	9		0	6	2018/01/18 18:10:37
1282	1	9		0	6	2018/01/18 18:10:37
1283	1	19		0	6	2018/01/18 18:10:52
1284	1	5		0	6	2018/01/18 18:10:57
1285	1	14		0	6	2018/01/18 18:11:11
1286	1	4		0	6	2018/01/18 18:11:19
1287	1	1		0	6	2018/01/18 18:11:49
1288	1	3		0	6	2018/01/18 18:12:01
1289	1	3		0	6	2018/01/18 18:12:01
1290	1	13		0	6	2018/01/18 18:52:10
1291	1	2		0	6	2018/01/18 19:04:11
1292	1	2		0	6	2018/01/18 20:19:53
1293	1	2		0	6	2018/01/18 20:20:04
1294	1	14		0	6	2018/01/18 23:56:02
1295	1	4		0	5	2018/01/19 08:29:26
1296	1	13		0	5	2018/01/19 08:56:55
1297	1	13		0	5	2018/01/19 08:56:55
1298	1	6		0	5	2018/01/19 08:57:46
1299	1	17		0	5	2018/01/19 08:58:37
1300	1	21		0	5	2018/01/19 08:59:36
1301	1	30		0	5	2018/01/19 09:00:48
1302	1	7		0	5	2018/01/19 09:00:53
1303	1	7		0	5	2018/01/19 09:00:53
1304	1	1		0	5	2018/01/19 09:05:39
1305	1	29		0	5	2018/01/19 09:07:36
1306	1	27		0	5	2018/01/19 09:08:19
1307	1	19		0	5	2018/01/19 09:17:30
1308	1	9		0	5	2018/01/19 09:22:43
1309	1	20		0	5	2018/01/19 09:22:45
1310	1	14		0	5	2018/01/19 09:24:07
1311	1	14		0	5	2018/01/19 09:24:07
1312	1	18		0	5	2018/01/19 09:26:41
1313	1	2		0	5	2018/01/19 09:31:59
1314	1	2		0	5	2018/01/19 09:32:01
1315	1	15		0	5	2018/01/19 09:35:30
1316	1	22		0	5	2018/01/19 09:44:17
1317	1	3		0	5	2018/01/19 10:25:52
1318	1	14		0	5	2018/01/19 12:00:16
1319	1	1		0	6	2018/01/19 12:01:29
1320	1	9		0	6	2018/01/19 12:01:35
1321	1	9		0	6	2018/01/19 12:01:35
1322	1	9		0	6	2018/01/19 12:01:38
1323	1	9		0	6	2018/01/19 12:01:38
1324	1	9		0	6	2018/01/19 12:01:40
1325	1	9		0	6	2018/01/19 12:01:40
1326	1	13		0	6	2018/01/19 12:01:43
1327	1	3		0	6	2018/01/19 12:01:46
1328	1	3		0	6	2018/01/19 12:01:46
1329	1	20		0	6	2018/01/19 12:01:53
1330	1	20		0	6	2018/01/19 12:01:53
1331	1	21		0	6	2018/01/19 12:01:57
1332	1	19		0	6	2018/01/19 12:02:27
1333	1	22		0	6	2018/01/19 12:02:41
1334	1	17		0	6	2018/01/19 12:02:46
1335	1	17		0	6	2018/01/19 12:02:46
1336	1	18		0	6	2018/01/19 12:02:50
1337	1	29		0	6	2018/01/19 12:03:02
1338	1	27		0	6	2018/01/19 12:03:14
1339	1	30		0	6	2018/01/19 12:03:57
1340	1	17		0	6	2018/01/19 12:34:00
1341	1	17		0	5	2018/01/19 12:34:06
1342	1	17		0	5	2018/01/19 12:34:06
1343	1	21		0	5	2018/01/19 12:34:10
1344	1	22		0	5	2018/01/19 12:34:17
1345	1	18		0	5	2018/01/19 12:34:20
1346	1	3		0	5	2018/01/19 12:36:11
1347	1	20		0	5	2018/01/19 12:36:15
1348	1	1		0	5	2018/01/19 12:36:25
1349	1	19		0	5	2018/01/19 12:37:29
1350	1	19		0	5	2018/01/19 12:37:29
1351	1	7		0	6	2018/01/19 12:37:37
1352	1	7		0	6	2018/01/19 12:37:37
1353	1	7		0	5	2018/01/19 12:37:43
1354	1	7		0	5	2018/01/19 12:37:43
1355	1	27		0	5	2018/01/19 12:44:30
1356	1	30		0	5	2018/01/19 12:44:38
1357	1	29		0	5	2018/01/19 12:44:46
1358	1	9		0	5	2018/01/19 13:00:08
1359	1	13		0	5	2018/01/19 13:00:19
1360	1	14		0	5	2018/01/19 13:00:26
1361	1	5		0	5	2018/01/19 13:28:17
1362	1	28		0	5	2018/01/19 14:24:28
1363	1	27		0	6	2018/01/19 14:30:15
1364	1	30		0	6	2018/01/19 14:30:22
1365	1	29		0	6	2018/01/19 14:30:30
1366	1	21		0	6	2018/01/19 18:00:06
1367	1	22		0	6	2018/01/19 18:01:50
1368	1	18		0	6	2018/01/19 18:02:02
1369	1	17		0	6	2018/01/19 18:02:11
1370	1	17		0	6	2018/01/19 18:02:11
1371	1	20		0	6	2018/01/19 18:02:14
1372	1	20		0	6	2018/01/19 18:02:14
1373	1	20		0	6	2018/01/19 18:02:16
1374	1	28		0	6	2018/01/19 18:03:05
1375	1	19		0	6	2018/01/19 18:03:49
1376	1	4		0	6	2018/01/19 18:09:17
1377	1	11		0	6	2018/01/19 18:28:58
1378	1	3		0	6	2018/01/19 19:53:06
1379	1	3		0	6	2018/01/19 19:53:06
1380	1	14		0	6	2018/01/19 19:54:26
1381	1	15		0	6	2018/01/19 21:05:49
1382	1	9		0	5	2018/01/20 13:54:12
1383	1	9		0	5	2018/01/20 13:54:12
1384	1	9		0	5	2018/01/20 19:43:26
1385	1	9		0	6	2018/01/20 19:43:31
1386	1	7		0	5	2018/01/20 19:43:37
1387	1	7		0	5	2018/01/20 19:43:37
1388	1	15		0	5	2018/01/20 19:43:45
1389	1	7		0	6	2018/01/20 19:43:54
1390	1	15		0	6	2018/01/20 19:43:56
1391	1	9		0	5	2018/01/21 14:56:23
1392	1	9		0	6	2018/01/21 16:48:04
1393	1	5		0	5	2018/01/22 08:10:02
1394	1	9		0	5	2018/01/22 08:41:05
1395	1	6		0	5	2018/01/22 08:41:10
1396	1	7		0	5	2018/01/22 08:42:22
1397	1	7		0	5	2018/01/22 08:42:22
1398	1	4		0	5	2018/01/22 08:45:11
1399	1	17		0	5	2018/01/22 08:55:46
1400	1	17		0	5	2018/01/22 08:55:46
1401	1	21		0	5	2018/01/22 08:55:51
1402	1	1		0	5	2018/01/22 08:57:56
1403	1	2		0	5	2018/01/22 09:00:57
1404	1	19		0	5	2018/01/22 09:03:56
1405	1	29		0	5	2018/01/22 09:07:32
1406	1	16		0	5	2018/01/22 09:07:35
1407	1	16		0	6	2018/01/22 09:08:47
1408	1	11		0	5	2018/01/22 09:11:27
1409	1	11		0	5	2018/01/22 09:11:27
1410	1	15		0	5	2018/01/22 09:12:06
1411	1	20		0	5	2018/01/22 09:12:22
1412	1	12		0	5	2018/01/22 09:20:48
1413	1	18		0	5	2018/01/22 09:27:41
1414	1	22		0	5	2018/01/22 09:27:43
1415	1	14		0	5	2018/01/22 09:33:38
1416	1	3		0	5	2018/01/22 10:35:17
1417	1	12		0	5	2018/01/22 10:35:17
1418	1	28		0	5	2018/01/22 10:35:26
1419	1	4		0	6	2018/01/22 12:00:09
1420	1	11		0	6	2018/01/22 12:00:15
1421	1	1		0	6	2018/01/22 12:00:25
1422	1	12		0	6	2018/01/22 12:00:52
1423	1	22		0	6	2018/01/22 12:01:16
1424	1	21		0	6	2018/01/22 12:01:31
1425	1	21		0	6	2018/01/22 12:01:31
1426	1	18		0	6	2018/01/22 12:01:36
1427	1	28		0	6	2018/01/22 12:01:46
1428	1	29		0	6	2018/01/22 12:01:56
1429	1	17		0	6	2018/01/22 12:02:02
1430	1	17		0	6	2018/01/22 12:02:02
1431	1	3		0	6	2018/01/22 12:02:18
1432	1	4		0	5	2018/01/22 12:09:27
1433	1	11		0	5	2018/01/22 12:09:32
1434	1	3		0	5	2018/01/22 12:31:11
1435	1	18		0	5	2018/01/22 12:33:09
1436	1	22		0	5	2018/01/22 12:33:14
1437	1	17		0	5	2018/01/22 12:33:22
1438	1	21		0	5	2018/01/22 12:34:31
1439	1	19		0	5	2018/01/22 12:34:42
1440	1	20		0	5	2018/01/22 12:35:59
1441	1	28		0	5	2018/01/22 12:39:16
1442	1	29		0	5	2018/01/22 12:39:25
1443	1	12		0	5	2018/01/22 12:49:15
1444	1	1		0	5	2018/01/22 12:56:25
1445	1	9		0	6	2018/01/22 12:56:34
1446	1	9		0	5	2018/01/22 12:56:39
1447	1	15		0	6	2018/01/22 12:56:46
1448	1	15		0	5	2018/01/22 12:56:57
1449	1	7		0	6	2018/01/22 12:57:14
1450	1	7		0	6	2018/01/22 12:57:14
1451	1	7		0	5	2018/01/22 12:57:22
1452	1	7		0	5	2018/01/22 12:57:22
1453	1	14		0	5	2018/01/22 13:00:10
1454	1	5		0	5	2018/01/22 13:00:27
1455	1	27		0	5	2018/01/22 13:49:49
1456	1	30		0	5	2018/01/22 13:56:35
1457	1	28		0	6	2018/01/22 16:03:05
1458	1	21		0	6	2018/01/22 18:00:07
1459	1	22		0	6	2018/01/22 18:00:11
1460	1	17		0	6	2018/01/22 18:00:18
1461	1	17		0	6	2018/01/22 18:00:18
1462	1	20		0	6	2018/01/22 18:00:25
1463	1	20		0	6	2018/01/22 18:00:25
1464	1	18		0	6	2018/01/22 18:00:29
1465	1	30		0	6	2018/01/22 18:00:39
1466	1	27		0	6	2018/01/22 18:00:44
1467	1	19		0	6	2018/01/22 18:00:49
1468	1	19		0	6	2018/01/22 18:00:49
1469	1	3		0	6	2018/01/22 18:02:14
1470	1	14		0	6	2018/01/22 18:02:20
1471	1	14		0	6	2018/01/22 18:02:20
1472	1	4		0	6	2018/01/22 18:02:23
1473	1	11		0	6	2018/01/22 18:02:29
1474	1	12		0	6	2018/01/22 18:08:27
1475	1	7		0	6	2018/01/22 19:18:39
1476	1	7		0	6	2018/01/22 19:18:39
1477	1	13		0	6	2018/01/22 19:53:36
1478	1	14		0	6	2018/01/22 19:53:42
1479	1	14		0	6	2018/01/22 19:53:42
1480	1	5		0	5	2018/01/23 08:14:12
1481	1	15		0	5	2018/01/23 08:14:22
1482	1	4		0	5	2018/01/23 08:31:39
1483	1	29		0	5	2018/01/23 08:48:27
1484	1	9		0	5	2018/01/23 08:55:04
1485	1	21		0	5	2018/01/23 08:55:39
1486	1	1		0	5	2018/01/23 09:02:57
1487	1	1		0	5	2018/01/23 09:02:59
1488	1	11		0	5	2018/01/23 09:07:19
1489	1	11		0	5	2018/01/23 09:07:19
1490	1	17		0	5	2018/01/23 09:13:11
1491	1	17		0	5	2018/01/23 09:13:11
1492	1	20		0	5	2018/01/23 09:14:14
1493	1	2		0	5	2018/01/23 09:21:33
1494	1	12		0	5	2018/01/23 09:21:37
1495	1	14		0	5	2018/01/23 09:28:12
1496	1	14		0	5	2018/01/23 09:28:12
1497	1	14		0	5	2018/01/23 09:28:14
1498	1	7		0	5	2018/01/23 09:34:48
1499	1	7		0	5	2018/01/23 09:34:48
1500	1	3		0	5	2018/01/23 09:59:55
1501	1	9		0	6	2018/01/23 12:00:20
1502	1	21		0	6	2018/01/23 12:00:32
1503	1	29		0	6	2018/01/23 12:00:41
1504	1	12		0	6	2018/01/23 12:00:46
1505	1	20		0	6	2018/01/23 12:00:51
1506	1	17		0	6	2018/01/23 12:01:08
1507	1	3		0	6	2018/01/23 12:01:45
1508	1	3		0	6	2018/01/23 12:01:45
1509	1	5		0	6	2018/01/23 12:02:38
1510	1	19		0	5	2018/01/23 12:18:18
1511	1	21		0	5	2018/01/23 12:29:25
1512	1	3		0	5	2018/01/23 12:29:33
1513	1	3		0	5	2018/01/23 12:29:33
1514	1	12		0	5	2018/01/23 12:31:06
1515	1	17		0	5	2018/01/23 12:35:59
1516	1	17		0	5	2018/01/23 12:35:59
1517	1	1		0	6	2018/01/23 12:43:21
1518	1	1		0	5	2018/01/23 12:43:27
1519	1	5		0	5	2018/01/23 13:00:11
1520	1	29		0	5	2018/01/23 13:00:21
1521	1	7		0	5	2018/01/23 13:00:55
1522	1	7		0	5	2018/01/23 13:00:55
1523	1	28		0	5	2018/01/23 13:13:19
1524	1	30		0	5	2018/01/23 13:15:02
1525	1	27		0	5	2018/01/23 13:51:48
1526	1	21		0	6	2018/01/23 18:00:22
1527	1	17		0	6	2018/01/23 18:00:28
1528	1	30		0	6	2018/01/23 18:00:38
1529	1	28		0	6	2018/01/23 18:00:42
1530	1	20		0	6	2018/01/23 18:01:00
1531	1	29		0	6	2018/01/23 18:01:08
1532	1	27		0	6	2018/01/23 18:03:05
1533	1	19		0	6	2018/01/23 18:05:31
1534	1	3		0	6	2018/01/23 18:06:56
1535	1	3		0	6	2018/01/23 18:06:56
1536	1	4		0	6	2018/01/23 18:07:21
1537	1	12		0	6	2018/01/23 18:09:19
1538	1	11		0	6	2018/01/23 18:11:32
1539	1	14		0	6	2018/01/23 18:18:01
1540	1	15		0	6	2018/01/23 18:18:06
1541	1	7		0	6	2018/01/23 18:18:11
1542	1	7		0	6	2018/01/23 18:18:11
1543	1	2		0	6	2018/01/23 18:18:16
1544	1	9		0	0	2018/01/24 08:38:23
1545	1	9		0	5	2018/01/24 08:38:31
1546	1	9		0	5	2018/01/24 08:38:31
1547	1	5		0	5	2018/01/24 08:39:27
1548	1	1		0	5	2018/01/24 08:51:08
1549	1	7		0	5	2018/01/24 08:53:05
1550	1	7		0	5	2018/01/24 08:53:05
1551	1	21		0	5	2018/01/24 08:57:07
1552	1	4		0	5	2018/01/24 08:57:59
1553	1	15		0	5	2018/01/24 09:00:15
1554	1	6		0	5	2018/01/24 09:00:19
1555	1	11		0	5	2018/01/24 09:02:36
1556	1	14		0	5	2018/01/24 09:06:50
1557	1	17		0	5	2018/01/24 09:09:07
1558	1	17		0	5	2018/01/24 09:09:07
1559	1	29		0	5	2018/01/24 09:11:31
1560	1	20		0	5	2018/01/24 09:19:54
1561	1	19		0	5	2018/01/24 09:27:59
1562	1	19		0	5	2018/01/24 09:27:59
1563	1	12		0	5	2018/01/24 09:28:25
1564	1	28		0	5	2018/01/24 09:36:54
1565	1	22		0	5	2018/01/24 09:45:22
1566	1	2		0	5	2018/01/24 09:48:25
1567	1	3		0	5	2018/01/24 10:19:32
1568	1	5		0	6	2018/01/24 12:00:17
1569	1	21		0	6	2018/01/24 12:00:22
1570	1	17		0	6	2018/01/24 12:00:54
1571	1	9		0	6	2018/01/24 12:00:58
1572	1	28		0	6	2018/01/24 12:01:24
1573	1	28		0	6	2018/01/24 12:01:24
1574	1	22		0	6	2018/01/24 12:01:45
1575	1	20		0	6	2018/01/24 12:01:56
1576	1	3		0	6	2018/01/24 12:02:11
1577	1	29		0	6	2018/01/24 12:02:44
1578	1	19		0	6	2018/01/24 12:02:56
1579	1	12		0	6	2018/01/24 12:03:56
1580	1	7		0	6	2018/01/24 12:26:45
1581	1	7		0	6	2018/01/24 12:26:45
1582	1	7		0	5	2018/01/24 12:26:57
1583	1	7		0	5	2018/01/24 12:26:57
1584	1	9		0	5	2018/01/24 12:26:59
1585	1	15		0	6	2018/01/24 12:27:05
1586	1	15		0	5	2018/01/24 12:27:13
1587	1	20		0	5	2018/01/24 12:33:09
1588	1	17		0	5	2018/01/24 12:33:12
1589	1	22		0	5	2018/01/24 12:33:17
1590	1	21		0	5	2018/01/24 12:34:18
1591	1	19		0	5	2018/01/24 12:34:26
1592	1	14		0	5	2018/01/24 12:38:29
1593	1	28		0	5	2018/01/24 12:47:39
1594	1	28		0	5	2018/01/24 12:47:39
1595	1	29		0	5	2018/01/24 12:55:46
1596	1	5		0	5	2018/01/24 13:00:13
1597	1	14		0	5	2018/01/24 13:00:15
1598	1	14		0	5	2018/01/24 13:00:15
1599	1	3		0	5	2018/01/24 13:13:03
1600	1	3		0	5	2018/01/24 13:13:03
1601	1	1		0	6	2018/01/24 13:27:08
1602	1	1		0	5	2018/01/24 13:27:13
1603	1	30		0	5	2018/01/24 13:48:09
1604	1	27		0	5	2018/01/24 14:01:42
1605	1	29		0	6	2018/01/24 14:27:52
1606	1	20		0	6	2018/01/24 15:19:33
1607	1	20		0	6	2018/01/24 15:19:33
1608	1	28		0	5	2018/01/24 15:41:34
1609	1	28		0	6	2018/01/24 15:41:49
1610	1	13		0	6	2018/01/24 17:15:04
1611	1	12		0	5	2018/01/24 17:21:16
1612	1	21		0	6	2018/01/24 18:00:10
1613	1	17		0	6	2018/01/24 18:00:29
1614	1	17		0	6	2018/01/24 18:00:29
1615	1	22		0	6	2018/01/24 18:00:54
1616	1	9		0	6	2018/01/24 18:02:39
1617	1	5		0	6	2018/01/24 18:02:43
1618	1	7		0	6	2018/01/24 18:02:48
1619	1	14		0	6	2018/01/24 18:02:50
1620	1	2		0	6	2018/01/24 18:03:09
1621	1	27		0	6	2018/01/24 18:03:20
1622	1	30		0	6	2018/01/24 18:03:25
1623	1	6		0	6	2018/01/24 18:03:29
1624	1	19		0	6	2018/01/24 18:05:41
1625	1	19		0	6	2018/01/24 18:05:41
1626	1	4		0	6	2018/01/24 18:07:02
1627	1	12		0	6	2018/01/24 18:07:15
1628	1	1		0	6	2018/01/24 18:12:52
1629	1	3		0	6	2018/01/24 18:13:13
1630	1	14		0	6	2018/01/24 19:10:50
1631	1	14		0	6	2018/01/24 19:10:52
1632	1	14		0	6	2018/01/24 19:10:52
1633	1	14		0	6	2018/01/24 19:10:53
1634	1	14		0	6	2018/01/24 19:10:53
1635	1	9		0	6	2018/01/24 21:56:11
1636	1	15		0	5	2018/01/25 07:55:55
1637	1	5		0	5	2018/01/25 08:38:22
1638	1	7		0	5	2018/01/25 08:55:03
1639	1	7		0	5	2018/01/25 08:55:03
1640	1	1		0	5	2018/01/25 08:55:36
1641	1	21		0	5	2018/01/25 08:58:07
1642	1	4		0	5	2018/01/25 09:05:34
1643	1	17		0	5	2018/01/25 09:06:45
1644	1	17		0	5	2018/01/25 09:06:45
1645	1	29		0	5	2018/01/25 09:06:53
1646	1	6		0	5	2018/01/25 09:11:03
1647	1	6		0	5	2018/01/25 09:11:03
1648	1	14		0	5	2018/01/25 09:19:00
1649	1	14		0	5	2018/01/25 09:19:00
1650	1	14		0	5	2018/01/25 09:19:02
1651	1	28		0	5	2018/01/25 09:28:15
1652	1	19		0	5	2018/01/25 09:29:53
1653	1	9		0	5	2018/01/25 09:30:57
1654	1	22		0	5	2018/01/25 09:43:09
1655	1	3		0	5	2018/01/25 10:42:31
1656	1	3		0	5	2018/01/25 10:42:31
1657	1	28		0	6	2018/01/25 12:00:30
1658	1	4		0	6	2018/01/25 12:00:35
1659	1	21		0	6	2018/01/25 12:00:47
1660	1	19		0	6	2018/01/25 12:01:01
1661	1	29		0	6	2018/01/25 12:01:15
1662	1	1		0	6	2018/01/25 12:01:19
1663	1	17		0	6	2018/01/25 12:01:24
1664	1	17		0	6	2018/01/25 12:01:24
1665	1	22		0	6	2018/01/25 12:01:32
1666	1	3		0	6	2018/01/25 12:02:13
1667	1	3		0	6	2018/01/25 12:02:13
1668	1	7		0	6	2018/01/25 12:20:29
1669	1	7		0	6	2018/01/25 12:20:34
1670	1	7		0	6	2018/01/25 12:20:34
1671	1	7		0	5	2018/01/25 12:20:42
1672	1	7		0	5	2018/01/25 12:20:42
1673	1	17		0	5	2018/01/25 12:33:12
1674	1	22		0	5	2018/01/25 12:33:18
1675	1	14		0	5	2018/01/25 12:33:23
1676	1	14		0	5	2018/01/25 12:33:23
1677	1	14		0	5	2018/01/25 12:33:25
1678	1	21		0	5	2018/01/25 12:34:21
1679	1	9		0	6	2018/01/25 12:34:27
1680	1	9		0	5	2018/01/25 12:34:32
1681	1	19		0	5	2018/01/25 12:34:39
1682	1	19		0	5	2018/01/25 12:34:39
1683	1	1		0	5	2018/01/25 12:39:20
1684	1	4		0	5	2018/01/25 12:53:48
1685	1	28		0	5	2018/01/25 12:58:53
1686	1	29		0	5	2018/01/25 13:00:08
1687	1	30		0	5	2018/01/25 13:39:58
1688	1	29		0	6	2018/01/25 14:05:12
1689	1	29		0	6	2018/01/25 14:05:12
1690	1	27		0	5	2018/01/25 14:06:24
1691	1	5		0	5	2018/01/25 14:06:46
1692	1	3		0	5	2018/01/25 14:13:42
1693	1	3		0	5	2018/01/25 14:13:42
1694	1	28		0	6	2018/01/25 14:39:36
1695	1	22		0	6	2018/01/25 15:59:40
1696	1	17		0	6	2018/01/25 15:59:47
1697	1	21		0	6	2018/01/25 15:59:51
1698	1	19		0	6	2018/01/25 16:00:45
1699	1	19		0	6	2018/01/25 16:00:45
1700	1	3		0	6	2018/01/25 16:02:20
1701	1	6		0	6	2018/01/25 18:00:15
1702	1	14		0	6	2018/01/25 18:02:38
1703	1	14		0	6	2018/01/25 18:02:38
1704	1	14		0	6	2018/01/25 18:02:40
1705	1	14		0	6	2018/01/25 18:02:40
1706	1	14		0	6	2018/01/25 18:02:42
1707	1	30		0	6	2018/01/25 18:03:24
1708	1	27		0	6	2018/01/25 18:03:27
1709	1	1		0	6	2018/01/25 18:07:47
1710	1	4		0	6	2018/01/25 18:29:45
1711	1	15		0	0	2018/01/26 08:06:52
1712	1	1		0	5	2018/01/26 08:43:05
1713	1	4		0	5	2018/01/26 08:50:32
1714	1	7		0	5	2018/01/26 08:55:24
1715	1	7		0	5	2018/01/26 08:55:31
1716	1	5		0	5	2018/01/26 08:56:22
1717	1	19		0	5	2018/01/26 09:00:19
1718	1	19		0	5	2018/01/26 09:00:19
1719	1	21		0	5	2018/01/26 09:05:59
1720	1	20		0	5	2018/01/26 09:09:58
1721	1	6		0	5	2018/01/26 09:12:11
1722	1	6		0	5	2018/01/26 09:12:11
1723	1	17		0	5	2018/01/26 09:20:13
1724	1	17		0	5	2018/01/26 09:20:13
1725	1	9		0	5	2018/01/26 09:23:15
1726	1	14		0	5	2018/01/26 09:46:14
